# Created by Octave 6.4.0, Mon Dec 27 23:45:28 2021 PST <reed@reed-2021Laptop>
# name: accsAndParams
# type: matrix
# rows: 300
# columns: 3
 69.22732362821948 0.0001 0
 69.22732362821948 0.0001 9.9999999999999995e-07
 69.22732362821948 0.0001 3.0000000000000001e-06
 69.22732362821948 0.0001 1.0000000000000001e-05
 69.22732362821948 0.0001 3.0000000000000001e-05
 69.22732362821948 0.0001 0.0001
 69.22732362821948 0.0001 0.00029999999999999997
 69.22732362821948 0.0001 0.001
 69.22732362821948 0.0001 0.0030000000000000001
 69.22732362821948 0.0001 0.01
 69.22732362821948 0.0001 0.029999999999999999
 69.22732362821948 0.0001 0.10000000000000001
 69.22732362821948 0.0001 0.29999999999999999
 69.22732362821948 0.0001 1
 69.22732362821948 0.0001 3
 69.22732362821948 0.0001 10
 69.22732362821948 0.0001 30
 69.22732362821948 0.0001 100
 69.22732362821948 0.0001 300
 69.22732362821948 0.0001 1000
 69.22732362821948 0.00029999999999999997 0
 69.22732362821948 0.00029999999999999997 9.9999999999999995e-07
 69.22732362821948 0.00029999999999999997 3.0000000000000001e-06
 69.22732362821948 0.00029999999999999997 1.0000000000000001e-05
 69.22732362821948 0.00029999999999999997 3.0000000000000001e-05
 69.22732362821948 0.00029999999999999997 0.0001
 69.22732362821948 0.00029999999999999997 0.00029999999999999997
 69.22732362821948 0.00029999999999999997 0.001
 69.22732362821948 0.00029999999999999997 0.0030000000000000001
 69.22732362821948 0.00029999999999999997 0.01
 69.22732362821948 0.00029999999999999997 0.029999999999999999
 69.22732362821948 0.00029999999999999997 0.10000000000000001
 69.22732362821948 0.00029999999999999997 0.29999999999999999
 69.22732362821948 0.00029999999999999997 1
 69.22732362821948 0.00029999999999999997 3
 69.22732362821948 0.00029999999999999997 10
 69.22732362821948 0.00029999999999999997 30
 69.22732362821948 0.00029999999999999997 100
 69.22732362821948 0.00029999999999999997 300
 69.22732362821948 0.00029999999999999997 1000
 69.22732362821948 0.001 0
 69.22732362821948 0.001 9.9999999999999995e-07
 69.22732362821948 0.001 3.0000000000000001e-06
 69.22732362821948 0.001 1.0000000000000001e-05
 69.22732362821948 0.001 3.0000000000000001e-05
 69.22732362821948 0.001 0.0001
 69.22732362821948 0.001 0.00029999999999999997
 69.22732362821948 0.001 0.001
 69.22732362821948 0.001 0.0030000000000000001
 69.22732362821948 0.001 0.01
 69.22732362821948 0.001 0.029999999999999999
 69.22732362821948 0.001 0.10000000000000001
 69.22732362821948 0.001 0.29999999999999999
 69.22732362821948 0.001 1
 69.22732362821948 0.001 3
 69.22732362821948 0.001 10
 69.22732362821948 0.001 30
 69.22732362821948 0.001 100
 69.22732362821948 0.001 300
 69.22732362821948 0.001 1000
 69.22732362821948 0.0030000000000000001 0
 69.22732362821948 0.0030000000000000001 9.9999999999999995e-07
 69.22732362821948 0.0030000000000000001 3.0000000000000001e-06
 69.22732362821948 0.0030000000000000001 1.0000000000000001e-05
 69.22732362821948 0.0030000000000000001 3.0000000000000001e-05
 69.22732362821948 0.0030000000000000001 0.0001
 69.22732362821948 0.0030000000000000001 0.00029999999999999997
 69.22732362821948 0.0030000000000000001 0.001
 69.22732362821948 0.0030000000000000001 0.0030000000000000001
 69.22732362821948 0.0030000000000000001 0.01
 69.22732362821948 0.0030000000000000001 0.029999999999999999
 69.22732362821948 0.0030000000000000001 0.10000000000000001
 69.22732362821948 0.0030000000000000001 0.29999999999999999
 69.22732362821948 0.0030000000000000001 1
 69.22732362821948 0.0030000000000000001 3
 69.22732362821948 0.0030000000000000001 10
 69.22732362821948 0.0030000000000000001 30
 69.22732362821948 0.0030000000000000001 100
 69.22732362821948 0.0030000000000000001 300
 69.22732362821948 0.0030000000000000001 1000
 69.22732362821948 0.01 0
 69.22732362821948 0.01 9.9999999999999995e-07
 69.22732362821948 0.01 3.0000000000000001e-06
 69.22732362821948 0.01 1.0000000000000001e-05
 69.22732362821948 0.01 3.0000000000000001e-05
 69.22732362821948 0.01 0.0001
 69.22732362821948 0.01 0.00029999999999999997
 69.22732362821948 0.01 0.001
 69.22732362821948 0.01 0.0030000000000000001
 69.22732362821948 0.01 0.01
 69.22732362821948 0.01 0.029999999999999999
 69.22732362821948 0.01 0.10000000000000001
 69.22732362821948 0.01 0.29999999999999999
 69.22732362821948 0.01 1
 69.22732362821948 0.01 3
 69.22732362821948 0.01 10
 69.22732362821948 0.01 30
 69.22732362821948 0.01 100
 69.22732362821948 0.01 300
 69.22732362821948 0.01 1000
 69.22732362821948 0.029999999999999999 0
 69.22732362821948 0.029999999999999999 9.9999999999999995e-07
 69.22732362821948 0.029999999999999999 3.0000000000000001e-06
 69.22732362821948 0.029999999999999999 1.0000000000000001e-05
 69.22732362821948 0.029999999999999999 3.0000000000000001e-05
 69.22732362821948 0.029999999999999999 0.0001
 69.22732362821948 0.029999999999999999 0.00029999999999999997
 69.22732362821948 0.029999999999999999 0.001
 72.900335946248603 0.029999999999999999 0.0030000000000000001
 80.5599104143337 0.029999999999999999 0.01
 69.22732362821948 0.029999999999999999 0.029999999999999999
 69.496080627099658 0.029999999999999999 0.10000000000000001
 69.22732362821948 0.029999999999999999 0.29999999999999999
 69.22732362821948 0.029999999999999999 1
 69.22732362821948 0.029999999999999999 3
 69.22732362821948 0.029999999999999999 10
 69.22732362821948 0.029999999999999999 30
 69.22732362821948 0.029999999999999999 100
 69.22732362821948 0.029999999999999999 300
 69.22732362821948 0.029999999999999999 1000
 76.237402015677489 0.10000000000000001 0
 69.22732362821948 0.10000000000000001 9.9999999999999995e-07
 69.22732362821948 0.10000000000000001 3.0000000000000001e-06
 69.22732362821948 0.10000000000000001 1.0000000000000001e-05
 69.22732362821948 0.10000000000000001 3.0000000000000001e-05
 69.22732362821948 0.10000000000000001 0.0001
 69.22732362821948 0.10000000000000001 0.00029999999999999997
 83.650615901455765 0.10000000000000001 0.001
 92.56438969764838 0.10000000000000001 0.0030000000000000001
 94.378499440089584 0.10000000000000001 0.01
 83.874580067189257 0.10000000000000001 0.029999999999999999
 70.660694288913774 0.10000000000000001 0.10000000000000001
 70.45912653975364 0.10000000000000001 0.29999999999999999
 69.832026875699881 0.10000000000000001 1
 69.563269876819703 0.10000000000000001 3
 69.563269876819703 0.10000000000000001 10
 69.563269876819703 0.10000000000000001 30
 69.563269876819703 0.10000000000000001 100
 69.563269876819703 0.10000000000000001 300
 69.563269876819703 0.10000000000000001 1000
 92.094064949608068 0.29999999999999999 0
 69.22732362821948 0.29999999999999999 9.9999999999999995e-07
 69.22732362821948 0.29999999999999999 3.0000000000000001e-06
 69.22732362821948 0.29999999999999999 1.0000000000000001e-05
 69.22732362821948 0.29999999999999999 3.0000000000000001e-05
 69.22732362821948 0.29999999999999999 0.0001
 83.15789473684211 0.29999999999999999 0.00029999999999999997
 93.348264277715572 0.29999999999999999 0.001
 96.797312430011203 0.29999999999999999 0.0030000000000000001
 96.954087346024636 0.29999999999999999 0.01
 91.646136618141099 0.29999999999999999 0.029999999999999999
 76.125419932810743 0.29999999999999999 0.10000000000000001
 74.400895856662927 0.29999999999999999 0.29999999999999999
 73.281075027995527 0.29999999999999999 1
 72.631578947368425 0.29999999999999999 3
 72.631578947368425 0.29999999999999999 10
 72.631578947368425 0.29999999999999999 30
 72.631578947368425 0.29999999999999999 100
 72.631578947368425 0.29999999999999999 300
 72.631578947368425 0.29999999999999999 1000
 96.349384098544235 1 0
 69.22732362821948 1 9.9999999999999995e-07
 69.22732362821948 1 3.0000000000000001e-06
 69.22732362821948 1 1.0000000000000001e-05
 69.22732362821948 1 3.0000000000000001e-05
 85.016797312430015 1 0.0001
 93.370660694288915 1 0.00029999999999999997
 96.864501679731248 1 0.001
 97.603583426651738 1 0.0030000000000000001
 98.118701007838752 1 0.01
