# Created by Octave 6.4.0, Sun Jan 16 17:47:43 2022 PST <reed@reed-2021Laptop>



% contains C and g



# name: C
# type: scalar
3


# name: g
# type: scalar
0.01


