# Created by Octave 6.4.0, Wed Jan 12 00:14:10 2022 PST <reed@reed-2021Laptop>


% contains C and g



# name: C
# type: scalar
10


# name: g
# type: scalar
0.0030000000000000001


